[GLIDER] Factor Manager Initialized
[0m[ INFO] [1748711081.171409771]: [GLIDER] Factor Manager Node Initialized[0m
[GPS] adding pose keys x0
[GPS] adding bias keys b0
[GPS] adding vel keys  v0
[GPS] adding rot keys  r0
[GPS] adding pose keys x1
[GPS] adding bias keys b1
[GPS] adding vel keys  v1
[GPS] adding rot keys  r1
[GPS] added initials
Adding GPS factor and incrementing key
=== DEBUGGING SMOOTHER KEYS ===
Keys in _initials: b0 b1 r0 v0 v1 x0 x1 
Keys with timestamps: b0 b1 r0 r1 v0 v1 x0 x1 
Keys referenced in factors: x0 v0 b0 x1 v1 x0 v0 b1 b0 x1 x1 x0 x1 
Missing keys (in factors but not in initials): 
Missing timestamps (in factors but no timestamp): 
NonlinearFactorGraph: size: 7

Factor 0: PriorFactor on x0
  prior mean:  R: [
	-0.562388, 0.825666, 0.0446608;
	-0.82321, -0.564158, 0.0636475;
	0.0777474, -0.000970645, 0.996973
]
t:      482988 4.42132e+06     -29.947
isotropic dim=6 sigma=0.001

Factor 1: PriorFactor on v0
  prior mean: [
	0;
	0;
	0
]
isotropic dim=3 sigma=0.001

Factor 2: PriorFactor on b0
  prior mean: acc =    0.57057 -0.0889974    19.5538 gyro =  0.00260224 -0.00659907 -0.00242565
isotropic dim=6 sigma=0.001

Factor 3: 
CombinedImuFactor(x1,v1,x0,v0,b1,b0)
  preintegrated measurements:
    deltaTij = 0.298061
    deltaRij.ypr = ( 6.56037e-05  4.85884e-05 -1.20403e-05)
    deltaPij = 4.64005e-05 5.71603e-06   -0.435718
    deltaVij = -0.000331835    0.0005668     -2.92332
    gyrobias =  0.00260224 -0.00659907 -0.00242565
    acc_bias =    0.57057 -0.0889974    19.5538

  preintMeasCov [     0.306799  1.33014e-11  1.96238e-11  -1.4209e-06     0.043596  8.83708e-06 -1.44245e-05     0.442145  0.000166859            0            0            0    0.0441221 -5.05697e-07  8.02089e-07
 1.33014e-11     0.306799 -8.04412e-11    -0.043596 -1.42107e-06  9.02733e-06    -0.442145 -1.44277e-05  0.000148588            0            0            0  5.05694e-07    0.0441221  2.07032e-07
 1.96238e-11 -8.04412e-11     0.306799 -9.09625e-06 -7.97425e-06  2.68472e-10 -0.000169494 -0.000137904  4.94143e-09            0            0            0 -8.02091e-07 -2.07027e-07    0.0441221
 -1.4209e-06    -0.043596 -9.09625e-06    0.0201445   2.9163e-10 -2.15844e-06     0.139918  1.58498e-08 -2.73928e-05   0.00436896 -1.49218e-07  1.53951e-07 -9.04653e-08  -0.00313919 -8.95741e-07
    0.043596 -1.42107e-06 -7.97425e-06   2.9163e-10    0.0201445  1.69595e-06 -5.23266e-09     0.139918  2.93255e-05  1.49217e-07   0.00436896  3.42334e-08   0.00313919 -9.04988e-08 -6.41247e-07
 8.83708e-06  9.02733e-06  2.68472e-10 -2.15844e-06  1.69595e-06    0.0089422 -1.86345e-05  1.66944e-05    0.0453937 -1.53952e-07 -3.42277e-08   0.00436896  8.77831e-07  7.42137e-07  4.00424e-11
-1.44245e-05    -0.442145 -0.000169494     0.139918 -5.23266e-09 -1.86345e-05       1.1581  8.93509e-08 -0.000258667    0.0441221 -1.94382e-06  1.86993e-06 -1.45167e-06   -0.0424094 -2.00163e-05
    0.442145 -1.44277e-05 -0.000137904  1.58498e-08     0.139918  1.66944e-05  8.93509e-08       1.1581  0.000283969   1.9438e-06    0.0441221  4.71374e-07    0.0424094 -1.45239e-06 -1.54631e-05
 0.000166859  0.000148588  4.94143e-09 -2.73928e-05  2.93255e-05    0.0453937 -0.000258667  0.000283969       0.3068 -1.86995e-06 -4.71285e-07    0.0441221  1.96832e-05    1.696e-05  9.67101e-10
           0            0            0   0.00436896  1.49217e-07 -1.53952e-07    0.0441221   1.9438e-06 -1.86995e-06     0.298061            0            0            0            0            0
           0            0            0 -1.49218e-07   0.00436896 -3.42277e-08 -1.94382e-06    0.0441221 -4.71285e-07            0     0.298061            0            0            0            0
           0            0            0  1.53951e-07  3.42334e-08   0.00436896  1.86993e-06  4.71374e-07    0.0441221            0            0     0.298061            0            0            0
   0.0441221  5.05694e-07 -8.02091e-07 -9.04653e-08   0.00313919  8.77831e-07 -1.45167e-06    0.0424094  1.96832e-05            0            0            0     0.298061            0            0
-5.05697e-07    0.0441221 -2.07027e-07  -0.00313919 -9.04988e-08  7.42137e-07   -0.0424094 -1.45239e-06    1.696e-05            0            0            0            0     0.298061            0
 8.02089e-07  2.07032e-07    0.0441221 -8.95741e-07 -6.41247e-07  4.00424e-11 -2.00163e-05 -1.54631e-05  9.67101e-10            0            0            0            0            0     0.298061 ]
  noise model: Gaussian [
	3.08181, 4.37297e-07, -0.000792951, -0.000303236, 9.26489, 0.00673714, 7.51572e-05, -2.29541, -0.00143572, 3.64497e-06, 0.203985, 0.000116343, -0.22718, 4.35633e-06, 9.94104e-06;
	0, 3.08181, 0.000996658, -9.26489, -0.000304605, 0.0054913, 2.29541, 7.55568e-05, -0.00119827, -0.203985, 3.61027e-06, 8.72733e-05, -4.33792e-06, -0.22718, -2.33678e-05;
	0, 0, 1.82493, -0.00635174, -0.00484067, 3.49272e-08, 0.0010351, 0.000802498, -8.96962e-09, -6.01256e-05, -4.7836e-05, -3.11048e-09, -5.82865e-05, 8.16517e-05, -0.270145;
	0, 0, 0, 17.6133, -2.53625e-06, 0.00380706, -2.13452, 5.04045e-07, -0.00079291, 0.0577995, -5.14094e-06, 6.58648e-05, -5.05396e-06, -0.118205, -9.04121e-05;
	0, 0, 0, 0, 17.6133, -0.00332535, 2.31996e-07, -2.13452, 0.000786169, 5.07148e-06, 0.0577995, -6.62812e-05, 0.118205, -5.05668e-06, -7.28435e-05;
	0, 0, 0, 0, 0, 21.2726, -0.000364982, 0.000470436, -3.17011, 4.51245e-05, -7.22109e-05, 0.15746, 7.97575e-05, 7.54876e-05, 7.32332e-09;
	0, 0, 0, 0, 0, 0, 0.934323, -2.6766e-07, 0.000797367, -0.138308, 6.13412e-06, -0.000123896, 4.53594e-06, 0.132939, 6.27445e-05;
	0, 0, 0, 0, 0, 0, 0, 0.934323, -0.000874893, -6.09866e-06, -0.138308, 0.000128033, -0.132939, 4.60253e-06, 4.84716e-05;
	0, 0, 0, 0, 0, 0, 0, 0, 1.82493, 1.14491e-05, 2.88552e-06, -0.270144, -0.000120513, -0.00010384, -5.92123e-09;
	0, 0, 0, 0, 0, 0, 0, 0, 0, 1.83167, 3.81511e-21, -2.12155e-19, 3.23706e-21, 2.46374e-17, 2.24439e-20;
	0, 0, 0, 0, 0, 0, 0, 0, 0, 0, 1.83167, -3.27579e-19, -5.72462e-17, -1.10848e-21, 1.69267e-20;
	0, 0, 0, 0, 0, 0, 0, 0, 0, 0, 0, 1.83167, -1.88674e-19, 1.62178e-19, 1.45076e-22;
	0, 0, 0, 0, 0, 0, 0, 0, 0, 0, 0, 0, 1.83167, 3.78982e-21, -1.70965e-20;
	0, 0, 0, 0, 0, 0, 0, 0, 0, 0, 0, 0, 0, 1.83167, -7.89235e-20;
	0, 0, 0, 0, 0, 0, 0, 0, 0, 0, 0, 0, 0, 0, 1.83167
]

Factor 4:  GPSFactor on x1
  GPS measurement:      482988
4.42132e+06
    -29.911
isotropic dim=3 sigma=2.5

Factor 5:   keys = { x1 }
  noise model: diagonal sigmas [1.57079633; 1.57079633; 0.5];
ExpressionFactor with measurement:  [
	-0.238830601, 0.971061246, 0;
	-0.971061246, -0.238830601, 0;
	0, 0, 1
]

Factor 6: BetweenFactor(x0,x1)
  measured:  R: [
	-0.563996913, 0.825776891, -8.49304024e-05;
	-0.825776895, -0.563996907, 9.03276023e-05;
	2.66899624e-05, 0.000121078053, 0.999999992
]
t:  0.00193568281 -0.00270215557 0.000367784545
isotropic dim=6 sigma=0.01

graph size: 7 initials size: 7
here
[GPS] adding pose keys x2
[GPS] adding bias keys b2
[GPS] adding vel keys  v2
[GPS] adding rot keys  r2
[GPS] added initials
Adding GPS factor and incrementing key
=== DEBUGGING SMOOTHER KEYS ===
Keys in _initials: b2 v2 x2 
Keys with timestamps: b2 r2 v2 x2 
Keys referenced in factors: x2 v2 x1 v1 b2 b1 x2 x2 x1 x2 
Missing keys (in factors but not in initials): b1 v1 x1 
Missing timestamps (in factors but no timestamp): b1 v1 x1 
NonlinearFactorGraph: size: 4

Factor 0: 
CombinedImuFactor(x2,v2,x1,v1,b2,b1)
  preintegrated measurements:
    deltaTij = 0.256037951
    deltaRij.ypr = (   5.468344e-05  8.93597709e-05 -7.00748877e-05)
    deltaPij =  5.88294024e-05 -4.79854612e-05    -0.321448385
    deltaVij =  0.000265409264 -0.000409963062     -2.51088089
    gyrobias =  0.00260224045 -0.00659906948 -0.00242565249
    acc_bias =   0.570570283 -0.0889974092    19.5538325

  preintMeasCov [     0.261567495   1.3248884e-10  8.25799978e-11 -7.46956383e-07     0.027462017 -5.81166425e-07 -8.82480991e-06     0.324052575 -5.77309692e-05               0               0               0    0.0325216212 -4.45867663e-08  4.09309471e-07
  1.3248884e-10     0.261567494 -1.10132578e-10   -0.0274620171 -7.47068228e-07 -3.10312586e-06    -0.324052578 -8.82288462e-06 -8.87751518e-06               0               0               0  4.45910882e-08    0.0325216212   4.9792262e-07
 8.25799978e-11 -1.10132578e-10     0.261567495 -3.77313659e-07  4.32572142e-06 -1.33686813e-10  4.64138013e-05  2.33173581e-05 -2.87804924e-09               0               0               0 -4.09305387e-07 -4.97930137e-07    0.0325216212
-7.46956383e-07   -0.0274620171 -3.77313659e-07    0.0108635423  5.22968972e-12  4.84444894e-07    0.0845264573  5.08128111e-09  2.64399217e-06   0.00276476915 -5.31438871e-08  1.31323973e-07 -2.38390911e-08   -0.0017017797 -9.34641172e-08
    0.027462017 -7.47068228e-07  4.32572142e-06  5.22968972e-12    0.0108635424 -2.59492186e-07 -4.49527349e-09    0.0845264579 -6.68424927e-06  5.31380277e-08   0.00276476916  1.13218364e-07   0.00170177969 -2.38574165e-08  3.26037488e-07
-5.81166425e-07 -3.10312586e-06 -1.33686813e-10  4.84444894e-07 -2.59492186e-07    0.0056487619  5.15579104e-06 -1.77011187e-06    0.0333065872 -1.31326524e-07 -1.13215413e-07   0.00276476915  3.21616276e-08 -2.55429153e-07 -5.45207644e-12
-8.82480991e-06    -0.324052578  4.64138013e-05    0.0845264573 -4.49527349e-09  5.15579104e-06     0.798427359  1.02653247e-09  2.61069185e-05    0.0325216211 -9.25003167e-07   1.8512908e-06 -5.17855461e-07    -0.026792326   5.7627867e-06
    0.324052575 -8.82288462e-06  2.33173581e-05  5.08128111e-09    0.0845264579 -1.77011187e-06  1.02653247e-09     0.798427353 -7.46980132e-05  9.24904472e-07    0.0325216211  1.62998298e-06    0.0267923257 -5.17501879e-07   8.7198269e-07
-5.77309692e-05 -8.87751518e-06 -2.87804924e-09  2.64399217e-06 -6.68424927e-06    0.0333065872  2.61069185e-05 -7.46980132e-05     0.261567779 -1.85134263e-06 -1.62992491e-06    0.0325216211 -6.86303032e-06  4.04981529e-07 -2.93287133e-10
              0               0               0   0.00276476915  5.31380277e-08 -1.31326524e-07    0.0325216211  9.24904472e-07 -1.85134263e-06     0.256037951               0               0               0               0               0
              0               0               0 -5.31438871e-08   0.00276476916 -1.13215413e-07 -9.25003167e-07    0.0325216211 -1.62992491e-06               0     0.256037951               0               0               0               0
              0               0               0  1.31323973e-07  1.13218364e-07   0.00276476915   1.8512908e-06  1.62998298e-06    0.0325216211               0               0     0.256037951               0               0               0
   0.0325216212  4.45910882e-08 -4.09305387e-07 -2.38390911e-08   0.00170177969  3.21616276e-08 -5.17855461e-07    0.0267923257 -6.86303032e-06               0               0               0     0.256037951               0               0
-4.45867663e-08    0.0325216212 -4.97930137e-07   -0.0017017797 -2.38574165e-08 -2.55429153e-07    -0.026792326 -5.17501879e-07  4.04981529e-07               0               0               0               0     0.256037951               0
 4.09309471e-07   4.9792262e-07    0.0325216212 -9.34641172e-08  3.26037488e-07 -5.45207644e-12   5.7627867e-06   8.7198269e-07 -2.93287133e-10               0               0               0               0               0     0.256037951 ]
  noise model: Gaussian [
	3.1095052, -5.55638167e-08, 3.56225121e-05, -0.000301869162, 11.0535111, -0.00615274362, 6.64534051e-05, -2.43277619, 0.00106021129, 1.31740111e-06, 0.189649308, -5.76283093e-05, -0.213863028, 1.6010714e-06, -1.52875106e-05;
	0, 3.10950514, -0.000447033493, -11.0535117, -0.000301563083, 0.00232389815, 2.43277631, 6.64230862e-05, -0.000322957157, -0.189649315, 1.31309358e-06, 4.0063939e-06, -1.6061861e-06, -0.213863035, -8.05613545e-06;
	0, 0, 1.97090113, 0.00538252013, -0.00187950334, 5.90223502e-09, -0.000684842893, 0.000141568793, 2.74667372e-08, 2.88658163e-05, 2.31215258e-06, -1.43163211e-09, 8.28071321e-07, -3.20549007e-05, -0.250341384;
	0, 0, 0, 22.8923983, 6.14745517e-07, 0.00073915507, -2.42945629, -9.41689264e-08, -8.34974632e-05, 0.0613880103, -4.02031514e-06, 8.4487053e-06, -2.77885843e-06, -0.102066768, 6.30377491e-05;
	0, 0, 0, 0, 22.8923992, 0.00370779366, 7.67488987e-09, -2.42945647, -0.000582753053, 4.02173452e-06, 0.061388021, 3.93262527e-05, 0.102066763, -2.77187843e-06, -2.08771259e-05;
	0, 0, 0, 0, 0, 26.7245142, -6.00434164e-05, -0.000259776239, -3.42109952, -3.40199697e-06, 2.30347901e-05, 0.145965042, -6.78752312e-05, 2.57886181e-05, -1.11359503e-09;
	0, 0, 0, 0, 0, 0, 1.12402634, -1.21552096e-08, -0.000114173538, -0.142772425, 4.06165233e-06, 6.37487109e-06, 2.27163695e-06, 0.117620377, -2.5299078e-05;
	0, 0, 0, 0, 0, 0, 0, 1.12402636, 0.000323012343, -4.05806638e-06, -0.142772424, -4.81843759e-05, -0.117620368, 2.27136226e-06, -3.82807092e-06;
	0, 0, 0, 0, 0, 0, 0, 0, 1.97089997, 1.42510559e-05, 1.25466516e-05, -0.250341255, 5.28294583e-05, -3.11742099e-06, 2.25763251e-09;
	0, 0, 0, 0, 0, 0, 0, 0, 0, 1.97627706, 1.64743242e-20, 4.12105968e-20, 1.05007074e-20, 1.26656697e-16, -2.63288285e-20;
	0, 0, 0, 0, 0, 0, 0, 0, 0, 0, 1.97627706, 3.19307226e-20, -9.87960258e-17, -8.16319885e-21, -1.01821018e-21;
	0, 0, 0, 0, 0, 0, 0, 0, 0, 0, 0, 1.97627706, -6.85760486e-21, -2.24146331e-20, 4.39482733e-24;
	0, 0, 0, 0, 0, 0, 0, 0, 0, 0, 0, 0, 1.97627706, 6.27217724e-22, -7.38590473e-21;
	0, 0, 0, 0, 0, 0, 0, 0, 0, 0, 0, 0, 0, 1.97627706, 1.51504838e-20;
	0, 0, 0, 0, 0, 0, 0, 0, 0, 0, 0, 0, 0, 0, 1.97627706
]

Factor 1:  GPSFactor on x2
  GPS measurement: 482987.753
4421322.05
   -29.873
isotropic dim=3 sigma=2.5

Factor 2:   keys = { x2 }
  noise model: diagonal sigmas [1.57079633; 1.57079633; 0.5];
ExpressionFactor with measurement:  [
	0.053338961, -0.998576464, 0;
	0.998576464, 0.053338961, 0;
	0, 0, 1
]

Factor 3: BetweenFactor(x1,x2)
  measured:  R: [
	0.987497592, -0.157634084, -2.45806847e-05;
	0.157634086, 0.987497573, 0.000194431334;
	-6.37563879e-06, -0.000195875228, 0.999999981
]
t: 0.000200838527 0.000637328321 0.000207263985
isotropic dim=6 sigma=0.01

graph size: 4 initials size: 3
here
[GPS] adding pose keys x3
[GPS] adding bias keys b3
[GPS] adding vel keys  v3
[GPS] adding rot keys  r3
[GPS] added initials
Adding GPS factor and incrementing key
=== DEBUGGING SMOOTHER KEYS ===
Keys in _initials: b3 v3 x3 
Keys with timestamps: b3 r3 v3 x3 
Keys referenced in factors: x3 v3 x2 v2 b3 b2 x3 x3 x2 x3 
Missing keys (in factors but not in initials): b2 v2 x2 
Missing timestamps (in factors but no timestamp): b2 v2 x2 
NonlinearFactorGraph: size: 4

Factor 0: 
CombinedImuFactor(x3,v3,x2,v2,b3,b2)
  preintegrated measurements:
    deltaTij = 0.235887527
    deltaRij.ypr = (-0.0048138287 -0.0010748483 0.00119695546)
    deltaPij =    0.0129771463 -0.000341093924    -0.272594652
    deltaVij =   0.151986331 -0.0015687305   -2.30952111
    gyrobias =  0.00260224045 -0.00659906948 -0.00242565249
    acc_bias =   0.570570283 -0.0889974092    19.5538325

  preintMeasCov [     0.240158499  2.26531623e-08  1.13150814e-07  5.05278825e-05    0.0211321806 -6.98175674e-05  0.000652052858     0.272400754  2.97618466e-05               0               0               0    0.0274739172  2.99778246e-05 -4.94757587e-05
 2.26531623e-08     0.240158458 -1.36955871e-07   -0.0211311139  5.16256508e-05  -0.00192441447    -0.272388462  0.000665658096   -0.0230305559               0               0               0  -2.9959192e-05    0.0274740093  6.69647418e-06
 1.13150814e-07 -1.36955871e-07      0.24015804  8.69667804e-05   0.00191304438  1.18105885e-06  0.000187093322    0.0228849236  1.36638994e-05               0               0               0  4.94835413e-05 -6.57119903e-06     0.027473965
 5.05278825e-05   -0.0211311139  8.69667804e-05   0.00773730408  9.64100748e-07  0.000257841159    0.0640893984  1.09088497e-05   0.00302753524   0.00213518235  4.95852477e-06 -4.29325439e-06  1.73943036e-06  -0.00119302932  5.50211086e-06
   0.0211321806  5.16256508e-05   0.00191304438  9.64100748e-07   0.00776074601 -9.34581512e-06  5.05910174e-06    0.0643657929 -3.99014861e-05 -4.95912802e-06   0.00213519182  -1.7777241e-07   0.00119323799  1.72310816e-06  0.000134717182
-6.98175674e-05  -0.00192441447  1.18105885e-06  0.000257841159 -9.34581512e-06   0.00443282558    0.0030063167 -0.000114329574    0.0284707312  4.29212143e-06  1.98383995e-07   0.00213519421 -5.29998384e-06 -0.000136369316  3.51933109e-09
 0.000652052858    -0.272388462  0.000187093322    0.0640893984  5.05910174e-06    0.0030063167     0.652330366  5.25877682e-05     0.035518016    0.0274737039  9.55089484e-05 -6.44333929e-05  4.80439091e-05    -0.020606212 -3.18006249e-05
    0.272400754  0.000665658096    0.0228849236  1.09088497e-05    0.0643657929 -0.000114329574  5.25877682e-05     0.655590234 -0.000388060512 -9.55272737e-05    0.0274738285 -9.33031687e-06    0.0206089735  4.81372188e-05   0.00163781708
 2.97618466e-05   -0.0230305559  1.36638994e-05   0.00302753524 -3.99014861e-05    0.0284707312     0.035518016 -0.000388060512     0.243424549  6.43881272e-05   9.6424089e-06    0.0274739275  3.62991506e-05  -0.00167927913 -2.11036133e-07
              0               0               0   0.00213518235 -4.95912802e-06  4.29212143e-06    0.0274737039 -9.55272737e-05  6.43881272e-05     0.235887527               0               0               0               0               0
              0               0               0  4.95852477e-06   0.00213519182  1.98383995e-07  9.55089484e-05    0.0274738285   9.6424089e-06               0     0.235887527               0               0               0               0
              0               0               0 -4.29325439e-06  -1.7777241e-07   0.00213519421 -6.44333929e-05 -9.33031687e-06    0.0274739275               0               0     0.235887527               0               0               0
   0.0274739172  -2.9959192e-05  4.94835413e-05  1.73943036e-06   0.00119323799 -5.29998384e-06  4.80439091e-05    0.0206089735  3.62991506e-05               0               0               0     0.235887527               0               0
 2.99778246e-05    0.0274740093 -6.57119903e-06  -0.00119302932  1.72310816e-06 -0.000136369316    -0.020606212  4.81372188e-05  -0.00167927913               0               0               0               0     0.235887527               0
-4.94757587e-05  6.69647418e-06     0.027473965  5.50211086e-06  0.000134717182  3.51933109e-09 -3.18006249e-05   0.00163781708 -2.11036133e-07               0               0               0               0               0     0.235887527 ]
  noise model: Gaussian [
	3.1188503, 6.46236144e-05, 0.141573971, 0.0267683558, 12.1277807, 0.0986168591, -0.00538089921, -2.4925834, -0.0134958551, -0.000368153723, 0.18053588, 0.000588778915, -0.206855183, -0.00035361116, -0.00545614965;
	0, 3.12536372, 0.00277193454, -12.1309576, 0.0309399888, -0.646102189, 2.4922756, -0.00633450289, 0.158475367, -0.180501775, -0.000302316282, -0.0121495878, 0.000336221592, -0.206896124, 0.000233836747;
	0, 0, 2.05809562, -0.0965343769, 0.480359941, -0.00369314684, 0.00891771431, -0.119042375, 0.000103714678, -0.000202912797, 0.00951519521, 1.76820703e-05, 0.00753762492, 0.000367502753, -0.239152007;
	0, 0, 0, 26.3958844, 0.00242543688, -0.407484731, -2.60249654, -0.00049534539, 0.0993502794, 0.0641640934, 0.000530889386, -0.00811340466, 0.000341979708, -0.0933718, -0.000964388254;
	0, 0, 0, 0, 26.3796205, -0.0499056351, -7.9883897e-05, -2.59555727, 0.00605897115, -0.000487977529, 0.0635230892, -0.000336764144, 0.0933246673, 0.000344278359, 0.00295589519;
	0, 0, 0, 0, 0, 30.2089049, 0.0546222452, 0.00314134674, -3.55709192, -0.00593927591, -0.000267991122, 0.140867793, 0.000940541144, -0.00308781124, -1.8080311e-05;
	0, 0, 0, 0, 0, 0, 1.24793295, -0.000211721237, -0.183758467, -0.145296061, -0.000473107236, 0.0217433004, -0.000207395211, 0.107706412, 0.000169542786;
	0, 0, 0, 0, 0, 0, 0, 1.23979649, 0.00201752045, 0.000501529161, -0.144399222, -0.0001859425, -0.108318598, -0.000238640743, -0.00860816787;
	0, 0, 0, 0, 0, 0, 0, 0, 2.04033766, -0.000556932883, -8.34031803e-05, -0.237639054, -0.000313973887, 0.0145251276, 1.82538252e-06;
	0, 0, 0, 0, 0, 0, 0, 0, 0, 2.05895811, 1.38226741e-19, 7.34348848e-18, 5.26578063e-20, -5.71137546e-17, -1.09429504e-19;
	0, 0, 0, 0, 0, 0, 0, 0, 0, 0, 2.05895811, 1.77390985e-18, -1.22459995e-16, -3.30139762e-19, -1.00788125e-17;
	0, 0, 0, 0, 0, 0, 0, 0, 0, 0, 0, 2.05895811, 1.09264948e-18, -5.61614273e-18, 7.405004e-20;
	0, 0, 0, 0, 0, 0, 0, 0, 0, 0, 0, 0, 2.05895811, 1.40695076e-19, 1.78011945e-18;
	0, 0, 0, 0, 0, 0, 0, 0, 0, 0, 0, 0, 0, 2.05895811, 1.49539942e-19;
	0, 0, 0, 0, 0, 0, 0, 0, 0, 0, 0, 0, 0, 0, 2.05895811
]

Factor 1:  GPSFactor on x3
  GPS measurement: 482987.779
4421322.04
    -29.84
isotropic dim=3 sigma=2.5

Factor 2:   keys = { x3 }
  noise model: diagonal sigmas [1.57079633; 1.57079633; 0.5];
ExpressionFactor with measurement:  [
	-0.238830367, 0.971061304, 0;
	-0.971061304, -0.238830367, 0;
	0, 0, 1
]

Factor 3: BetweenFactor(x2,x3)
  measured:  R: [
	0.749260099, 0.662275847, 7.73012446e-05;
	-0.662275851, 0.749260098, 4.93624504e-05;
	-2.52271794e-05, -8.81800621e-05, 0.999999996
]
t: 0.000423252631 0.000425326021 0.000423962245
isotropic dim=6 sigma=0.01

graph size: 4 initials size: 3
here
[GPS] adding pose keys x4
[GPS] adding bias keys b4
[GPS] adding vel keys  v4
[GPS] adding rot keys  r4
[GPS] added initials
Adding GPS factor and incrementing key
=== DEBUGGING SMOOTHER KEYS ===
Keys in _initials: b4 v4 x4 
Keys with timestamps: b4 r4 v4 x4 
Keys referenced in factors: x4 v4 x3 v3 b4 b3 x4 x4 x3 x4 
Missing keys (in factors but not in initials): b3 v3 x3 
Missing timestamps (in factors but no timestamp): b3 v3 x3 
NonlinearFactorGraph: size: 4

Factor 0: 
CombinedImuFactor(x4,v4,x3,v3,b4,b3)
  preintegrated measurements:
    deltaTij = 0.257954597
    deltaRij.ypr = ( -0.00585872608 -0.000375138275   0.00174250299)
    deltaPij =   0.0174968414 0.000494025861   -0.327882338
    deltaVij =  0.177766699 0.0054012968  -2.53485389
    gyrobias =  0.00260224045 -0.00659906948 -0.00242565249
    acc_bias =   0.570570283 -0.0889974092    19.5538325

  preintMeasCov [     0.263540688  1.62007742e-08  2.19174398e-07  8.05072464e-05    0.0276907614  0.000180643842  0.000952914012     0.327168817  0.000991557878               0               0               0      0.03286874   3.6523253e-05 -7.61230887e-05
 1.62007742e-08      0.26354066 -6.73868986e-08   -0.0276904195  8.27505375e-05  -0.00255781108    -0.327164004  0.000977913142   -0.0286649165               0               0               0 -3.65992688e-05    0.0328688643 -3.08022707e-05
 2.19174398e-07 -6.73868986e-08         0.26354 -0.000149253689   0.00255311086   2.1726173e-06 -0.000624377796    0.0286050277  2.46258508e-05               0               0               0   7.6096354e-05  3.08920426e-05    0.0328687553
 8.05072464e-05   -0.0276904195 -0.000149253689    0.0109822212 -2.29212637e-06  0.000460050546    0.0852455403 -2.54676386e-05   0.00456215227   0.00279258486  7.76328137e-06 -7.23696957e-06  3.32052725e-06  -0.00170485202 -1.29807622e-05
   0.0276907614  8.27505375e-05   0.00255311086 -2.29212637e-06    0.0110256658  2.41912216e-05 -1.68747325e-05     0.085672361  0.000188384731 -7.77636398e-06   0.00279259753 -4.36992498e-06   0.00170521187  3.57656447e-06  0.000164357393
 0.000180643842  -0.00255781108   2.1726173e-06  0.000460050546  2.41912216e-05   0.00581872537   0.00466115874  0.000278810113    0.0342324864  7.22180123e-06  4.39486169e-06   0.00279259676  1.55276756e-05 -0.000168412667  1.45565077e-07
 0.000952914012    -0.327164004 -0.000624377796    0.0852455403 -1.68747325e-05   0.00466115874     0.804533304 -0.000176175206    0.0480601146    0.0328684261  0.000131997809 -8.29479013e-05  7.55654905e-05   -0.0270401895  1.38833918e-05
    0.327168817  0.000977913142    0.0286050277 -2.54676386e-05     0.085672361  0.000278810113 -0.000176175206     0.808875147   0.00196835087 -0.000132153999     0.032868528 -5.90999397e-05    0.0270458684  7.91207764e-05   0.00223882701
 0.000991557878   -0.0286649165  2.46258508e-05   0.00456215227  0.000188384731    0.0342324864    0.0480601146   0.00196835087     0.267910423  8.26891631e-05  5.94471556e-05     0.032868691  3.46473639e-05  -0.00230955407   3.2028696e-06
              0               0               0   0.00279258486 -7.77636398e-06  7.22180123e-06    0.0328684261 -0.000132153999  8.26891631e-05     0.257954597               0               0               0               0               0
              0               0               0  7.76328137e-06   0.00279259753  4.39486169e-06  0.000131997809     0.032868528  5.94471556e-05               0     0.257954597               0               0               0               0
              0               0               0 -7.23696957e-06 -4.36992498e-06   0.00279259676 -8.29479013e-05 -5.90999397e-05     0.032868691               0               0     0.257954597               0               0               0
     0.03286874 -3.65992688e-05   7.6096354e-05  3.32052725e-06   0.00170521187  1.55276756e-05  7.55654905e-05    0.0270458684  3.46473639e-05               0               0               0     0.257954597               0               0
  3.6523253e-05    0.0328688643  3.08920426e-05  -0.00170485202  3.57656447e-06 -0.000168412667   -0.0270401895  7.91207764e-05  -0.00230955407               0               0               0               0     0.257954597               0
-7.61230887e-05 -3.08022707e-05    0.0328687553 -1.29807622e-05  0.000164357393  1.45565077e-07  1.38833918e-05   0.00223882701   3.2028696e-06               0               0               0               0               0     0.257954597 ]
  noise model: Gaussian [
	3.10814049, -7.37829511e-05, 0.157830356, 0.0352985201, 11.0650837, -0.0743196266, -0.00774563434, -2.43527827, 0.0089390577, -0.000310036688, 0.190515039, -0.000706436798, -0.213896009, -0.000403170236, -0.00510555722;
	0, 3.11488484, 2.34328345e-05, -11.0442828, 0.0332323696, -0.827870407, 2.43084133, -0.0072946566, 0.191136328, -0.190213176, -0.00037173208, -0.0149215116, 0.000441319808, -0.213908617, -0.00027740696;
	0, 0, 1.96786137, 0.0820269375, 0.480093842, 0.00307366579, -0.00720188787, -0.120457783, -0.000130642312, -1.76366401e-05, 0.0101524425, -3.61082767e-05, 0.00887638838, -0.000417353812, -0.25000218;
	0, 0, 0, 22.698709, -0.0027586873, -0.54250802, -2.41484858, 0.000366262759, 0.116197737, 0.0619432166, 0.000518231763, -0.00907248237, 0.000412102485, -0.10243292, 0.00126965385;
	0, 0, 0, 0, 22.6774929, 0.0427141719, -6.15007648e-05, -2.40783986, -0.00370614082, -0.000542102417, 0.0613018029, -0.000157689804, 0.102543858, 0.000412373835, 0.00644892492;
	0, 0, 0, 0, 0, 26.4080635, 0.050189418, -0.000784818856, -3.40147876, -0.00604447163, 0.000408286571, 0.147542238, -0.00106518764, -0.00795199333, 3.14422597e-05;
	0, 0, 0, 0, 0, 0, 1.12591537, 0.000747481628, -0.204172091, -0.143397655, -0.000624332866, 0.0263779205, -0.000380774808, 0.11619626, -6.45503895e-05;
	0, 0, 0, 0, 0, 0, 0, 1.11676636, -0.00832338354, 0.000574804233, -0.142296249, 0.00131643146, -0.117088929, -0.000417060703, -0.00969248102;
	0, 0, 0, 0, 0, 0, 0, 0, 1.94734838, -0.00062423624, -0.000448777898, -0.248132008, -0.000261559548, 0.0174352635, -2.41790726e-05;
	0, 0, 0, 0, 0, 0, 0, 0, 0, 1.96892133, 1.89288669e-19, -4.54236744e-17, -2.06496729e-20, -8.36125019e-17, 3.82879352e-20;
	0, 0, 0, 0, 0, 0, 0, 0, 0, 0, 1.96892133, -1.85158734e-18, 9.34737962e-17, 9.63651403e-20, 8.98835243e-18;
	0, 0, 0, 0, 0, 0, 0, 0, 0, 0, 0, 1.96892133, -1.07378299e-18, 3.40318978e-17, -9.74406441e-20;
	0, 0, 0, 0, 0, 0, 0, 0, 0, 0, 0, 0, 1.96892133, 4.80965299e-19, 3.8476766e-18;
	0, 0, 0, 0, 0, 0, 0, 0, 0, 0, 0, 0, 0, 1.96892133, 6.37558652e-19;
	0, 0, 0, 0, 0, 0, 0, 0, 0, 0, 0, 0, 0, 0, 1.96892133
]

Factor 1:  GPSFactor on x4
  GPS measurement: 482987.753
4421322.05
   -29.815
isotropic dim=3 sigma=2.5

Factor 2:   keys = { x4 }
  noise model: diagonal sigmas [1.57079633; 1.57079633; 0.5];
ExpressionFactor with measurement:  [
	0.920898773, -0.389801809, 0;
	0.389801809, 0.920898773, 0;
	0, 0, 1
]

Factor 3: BetweenFactor(x3,x4)
  measured:  R: [
	0.145138377, 0.989411107, -0.000716762307;
	-0.989408525, 0.145139659, 0.00229141277;
	0.00237117989, 0.000376598805, 0.999997118
]
t:   0.0084549603  -0.0133177759 0.000737939573
isotropic dim=6 sigma=0.01

graph size: 4 initials size: 3
[31m[ERROR] [1748711085.088564510]: /: 
Indeterminant linear system detected while working near variable
8502796096475496451 (Symbol: v3).

Thrown when a linear system is ill-posed.  The most common cause for this
error is having underconstrained variables.  Mathematically, the system is
underdetermined.  See the GTSAM Doxygen documentation at
http://borg.cc.gatech.edu/ on gtsam::IndeterminantLinearSystemException for
more information.[0m
... logging to /home/jason/.ros/log/d14de0f0-3d67-11f0-b8a2-30f6ef7f9b99/roslaunch-turing-15057.log
Checking log directory for disk usage. This may take a while.
Press Ctrl-C to interrupt
Done checking log file disk usage. Usage is <1GB.
]2;/home/jason/ws/src/glider/launch/glider.launch
[1mstarted roslaunch server http://turing:35541/[0m

SUMMARY
========

PARAMETERS
 * /glider_node/path: /home/jason/ws/sr...
 * /glider_node/rate: 100
 * /glider_node/use_odom: True
 * /rosdistro: noetic
 * /rosversion: 1.16.0
 * /use_odom: True
 * /use_sim_time: False

NODES
  /
    glider_node (glider/glider_ros)

[1mROS_MASTER_URI=http://localhost:11311[0m
]2;/home/jason/ws/src/glider/launch/glider.launch http://localhost:11311
[1mprocess[glider_node-1]: started with pid [15072][0m
[1m[glider_node-1] process has finished cleanly
log file: /home/jason/.ros/log/d14de0f0-3d67-11f0-b8a2-30f6ef7f9b99/glider_node-1*.log[0m
all processes on machine have died, roslaunch will exit
shutting down processing monitor...
... shutting down processing monitor complete
[1mdone[0m
