[GLIDER] Factor Manager Initialized
[0m[ INFO] [1748623959.969713325]: [GLIDER] Factor Manager Node Initialized[0m
[GPS] adding pose keys x0
[GPS] adding bias keys b0
[GPS] adding vel keys  v0
[GPS] adding rot keys  r0
[GPS] adding pose keys x1
[GPS] adding bias keys b1
[GPS] adding vel keys  v1
[GPS] adding rot keys  r1
[GPS] added initials
Adding GPS factor and incrementing key
=== DEBUGGING SMOOTHER KEYS ===
Keys in _initials: b0 b1 r0 v0 v1 x0 x1 
Keys with timestamps: b0 b1 r0 r1 v0 v1 x0 x1 
Keys referenced in factors: x0 v0 b0 x1 v1 x0 v0 b1 b0 b1 x1 
Missing keys (in factors but not in initials): 
Missing timestamps (in factors but no timestamp): 
NonlinearFactorGraph: size: 6

Factor 0: PriorFactor on x0
  prior mean:  R: [
	-0.562388, 0.825666, 0.0446608;
	-0.82321, -0.564158, 0.0636475;
	0.0777474, -0.000970645, 0.996973
]
t:      482988 4.42132e+06     -29.947
isotropic dim=6 sigma=0.001

Factor 1: PriorFactor on v0
  prior mean: [
	0;
	0;
	0
]
isotropic dim=3 sigma=0.001

Factor 2: PriorFactor on b0
  prior mean: acc =    0.57057 -0.0889974    19.5538 gyro =  0.00260224 -0.00659907 -0.00242565
isotropic dim=6 sigma=0.001

Factor 3: 
CombinedImuFactor(x1,v1,x0,v0,b1,b0)
  preintegrated measurements:
    deltaTij = 0.298061
    deltaRij.ypr = ( 6.56037e-05  4.85884e-05 -1.20403e-05)
    deltaPij = 4.64005e-05 5.71603e-06   -0.435718
    deltaVij = -0.000331835    0.0005668     -2.92332
    gyrobias =  0.00260224 -0.00659907 -0.00242565
    acc_bias =    0.57057 -0.0889974    19.5538

  preintMeasCov [     0.306799  1.33014e-11  1.96238e-11  -1.4209e-06     0.043596  8.83708e-06 -1.44245e-05     0.442145  0.000166859            0            0            0    0.0441221 -5.05697e-07  8.02089e-07
 1.33014e-11     0.306799 -8.04412e-11    -0.043596 -1.42107e-06  9.02733e-06    -0.442145 -1.44277e-05  0.000148588            0            0            0  5.05694e-07    0.0441221  2.07032e-07
 1.96238e-11 -8.04412e-11     0.306799 -9.09625e-06 -7.97425e-06  2.68472e-10 -0.000169494 -0.000137904  4.94143e-09            0            0            0 -8.02091e-07 -2.07027e-07    0.0441221
 -1.4209e-06    -0.043596 -9.09625e-06    0.0201445   2.9163e-10 -2.15844e-06     0.139918  1.58498e-08 -2.73928e-05   0.00436896 -1.49218e-07  1.53951e-07 -9.04653e-08  -0.00313919 -8.95741e-07
    0.043596 -1.42107e-06 -7.97425e-06   2.9163e-10    0.0201445  1.69595e-06 -5.23266e-09     0.139918  2.93255e-05  1.49217e-07   0.00436896  3.42334e-08   0.00313919 -9.04988e-08 -6.41247e-07
 8.83708e-06  9.02733e-06  2.68472e-10 -2.15844e-06  1.69595e-06    0.0089422 -1.86345e-05  1.66944e-05    0.0453937 -1.53952e-07 -3.42277e-08   0.00436896  8.77831e-07  7.42137e-07  4.00424e-11
-1.44245e-05    -0.442145 -0.000169494     0.139918 -5.23266e-09 -1.86345e-05       1.1581  8.93509e-08 -0.000258667    0.0441221 -1.94382e-06  1.86993e-06 -1.45167e-06   -0.0424094 -2.00163e-05
    0.442145 -1.44277e-05 -0.000137904  1.58498e-08     0.139918  1.66944e-05  8.93509e-08       1.1581  0.000283969   1.9438e-06    0.0441221  4.71374e-07    0.0424094 -1.45239e-06 -1.54631e-05
 0.000166859  0.000148588  4.94143e-09 -2.73928e-05  2.93255e-05    0.0453937 -0.000258667  0.000283969       0.3068 -1.86995e-06 -4.71285e-07    0.0441221  1.96832e-05    1.696e-05  9.67101e-10
           0            0            0   0.00436896  1.49217e-07 -1.53952e-07    0.0441221   1.9438e-06 -1.86995e-06     0.298061            0            0            0            0            0
           0            0            0 -1.49218e-07   0.00436896 -3.42277e-08 -1.94382e-06    0.0441221 -4.71285e-07            0     0.298061            0            0            0            0
           0            0            0  1.53951e-07  3.42334e-08   0.00436896  1.86993e-06  4.71374e-07    0.0441221            0            0     0.298061            0            0            0
   0.0441221  5.05694e-07 -8.02091e-07 -9.04653e-08   0.00313919  8.77831e-07 -1.45167e-06    0.0424094  1.96832e-05            0            0            0     0.298061            0            0
-5.05697e-07    0.0441221 -2.07027e-07  -0.00313919 -9.04988e-08  7.42137e-07   -0.0424094 -1.45239e-06    1.696e-05            0            0            0            0     0.298061            0
 8.02089e-07  2.07032e-07    0.0441221 -8.95741e-07 -6.41247e-07  4.00424e-11 -2.00163e-05 -1.54631e-05  9.67101e-10            0            0            0            0            0     0.298061 ]
  noise model: Gaussian [
	3.08181, 4.37297e-07, -0.000792951, -0.000303236, 9.26489, 0.00673714, 7.51572e-05, -2.29541, -0.00143572, 3.64497e-06, 0.203985, 0.000116343, -0.22718, 4.35633e-06, 9.94104e-06;
	0, 3.08181, 0.000996658, -9.26489, -0.000304605, 0.0054913, 2.29541, 7.55568e-05, -0.00119827, -0.203985, 3.61027e-06, 8.72733e-05, -4.33792e-06, -0.22718, -2.33678e-05;
	0, 0, 1.82493, -0.00635174, -0.00484067, 3.49272e-08, 0.0010351, 0.000802498, -8.96962e-09, -6.01256e-05, -4.7836e-05, -3.11048e-09, -5.82865e-05, 8.16517e-05, -0.270145;
	0, 0, 0, 17.6133, -2.53625e-06, 0.00380706, -2.13452, 5.04045e-07, -0.00079291, 0.0577995, -5.14094e-06, 6.58648e-05, -5.05396e-06, -0.118205, -9.04121e-05;
	0, 0, 0, 0, 17.6133, -0.00332535, 2.31996e-07, -2.13452, 0.000786169, 5.07148e-06, 0.0577995, -6.62812e-05, 0.118205, -5.05668e-06, -7.28435e-05;
	0, 0, 0, 0, 0, 21.2726, -0.000364982, 0.000470436, -3.17011, 4.51245e-05, -7.22109e-05, 0.15746, 7.97575e-05, 7.54876e-05, 7.32332e-09;
	0, 0, 0, 0, 0, 0, 0.934323, -2.6766e-07, 0.000797367, -0.138308, 6.13412e-06, -0.000123896, 4.53594e-06, 0.132939, 6.27445e-05;
	0, 0, 0, 0, 0, 0, 0, 0.934323, -0.000874893, -6.09866e-06, -0.138308, 0.000128033, -0.132939, 4.60253e-06, 4.84716e-05;
	0, 0, 0, 0, 0, 0, 0, 0, 1.82493, 1.14491e-05, 2.88552e-06, -0.270144, -0.000120513, -0.00010384, -5.92123e-09;
	0, 0, 0, 0, 0, 0, 0, 0, 0, 1.83167, 3.81511e-21, -2.12155e-19, 3.23706e-21, 2.46374e-17, 2.24439e-20;
	0, 0, 0, 0, 0, 0, 0, 0, 0, 0, 1.83167, -3.27579e-19, -5.72462e-17, -1.10848e-21, 1.69267e-20;
	0, 0, 0, 0, 0, 0, 0, 0, 0, 0, 0, 1.83167, -1.88674e-19, 1.62178e-19, 1.45076e-22;
	0, 0, 0, 0, 0, 0, 0, 0, 0, 0, 0, 0, 1.83167, 3.78982e-21, -1.70965e-20;
	0, 0, 0, 0, 0, 0, 0, 0, 0, 0, 0, 0, 0, 1.83167, -7.89235e-20;
	0, 0, 0, 0, 0, 0, 0, 0, 0, 0, 0, 0, 0, 0, 1.83167
]

Factor 4: PriorFactor on b1
  prior mean: acc =    0.57057 -0.0889974    19.5538 gyro =  0.00260224 -0.00659907 -0.00242565
isotropic dim=6 sigma=0.001

Factor 5: PriorFactor on x1
  prior mean:  R: [
	-0.238831, 0.971061, 0;
	-0.971061, -0.238831, 0;
	0, 0, 1
]
t:      482988 4.42132e+06     -29.911
  noise model: diagonal sigmas [3.14159265; 3.14159265; 0.5; 2.5; 2.5; 2.5];

graph size: 6 initials size: 7
here
[GPS] adding pose keys x2
[GPS] adding bias keys b2
[GPS] adding vel keys  v2
[GPS] adding rot keys  r2
[GPS] added initials
Adding GPS factor and incrementing key
=== DEBUGGING SMOOTHER KEYS ===
Keys in _initials: b2 v2 x2 
Keys with timestamps: b2 r2 v2 x2 
Keys referenced in factors: x2 v2 x1 v1 b2 b1 b2 x2 
Missing keys (in factors but not in initials): b1 v1 x1 
Missing timestamps (in factors but no timestamp): b1 v1 x1 
NonlinearFactorGraph: size: 3

Factor 0: 
CombinedImuFactor(x2,v2,x1,v1,b2,b1)
  preintegrated measurements:
    deltaTij = 0.256037951
    deltaRij.ypr = (   5.468344e-05  8.93597709e-05 -7.00748877e-05)
    deltaPij =  5.88294024e-05 -4.79854612e-05    -0.321448385
    deltaVij =  0.000265409264 -0.000409963062     -2.51088089
    gyrobias =  0.00260224045 -0.00659906948 -0.00242565249
    acc_bias =   0.570570283 -0.0889974092    19.5538325

  preintMeasCov [     0.261567495   1.3248884e-10  8.25799978e-11 -7.46956383e-07     0.027462017 -5.81166425e-07 -8.82480991e-06     0.324052575 -5.77309692e-05               0               0               0    0.0325216212 -4.45867663e-08  4.09309471e-07
  1.3248884e-10     0.261567494 -1.10132578e-10   -0.0274620171 -7.47068228e-07 -3.10312586e-06    -0.324052578 -8.82288462e-06 -8.87751518e-06               0               0               0  4.45910882e-08    0.0325216212   4.9792262e-07
 8.25799978e-11 -1.10132578e-10     0.261567495 -3.77313659e-07  4.32572142e-06 -1.33686813e-10  4.64138013e-05  2.33173581e-05 -2.87804924e-09               0               0               0 -4.09305387e-07 -4.97930137e-07    0.0325216212
-7.46956383e-07   -0.0274620171 -3.77313659e-07    0.0108635423  5.22968972e-12  4.84444894e-07    0.0845264573  5.08128111e-09  2.64399217e-06   0.00276476915 -5.31438871e-08  1.31323973e-07 -2.38390911e-08   -0.0017017797 -9.34641172e-08
    0.027462017 -7.47068228e-07  4.32572142e-06  5.22968972e-12    0.0108635424 -2.59492186e-07 -4.49527349e-09    0.0845264579 -6.68424927e-06  5.31380277e-08   0.00276476916  1.13218364e-07   0.00170177969 -2.38574165e-08  3.26037488e-07
-5.81166425e-07 -3.10312586e-06 -1.33686813e-10  4.84444894e-07 -2.59492186e-07    0.0056487619  5.15579104e-06 -1.77011187e-06    0.0333065872 -1.31326524e-07 -1.13215413e-07   0.00276476915  3.21616276e-08 -2.55429153e-07 -5.45207644e-12
-8.82480991e-06    -0.324052578  4.64138013e-05    0.0845264573 -4.49527349e-09  5.15579104e-06     0.798427359  1.02653247e-09  2.61069185e-05    0.0325216211 -9.25003167e-07   1.8512908e-06 -5.17855461e-07    -0.026792326   5.7627867e-06
    0.324052575 -8.82288462e-06  2.33173581e-05  5.08128111e-09    0.0845264579 -1.77011187e-06  1.02653247e-09     0.798427353 -7.46980132e-05  9.24904472e-07    0.0325216211  1.62998298e-06    0.0267923257 -5.17501879e-07   8.7198269e-07
-5.77309692e-05 -8.87751518e-06 -2.87804924e-09  2.64399217e-06 -6.68424927e-06    0.0333065872  2.61069185e-05 -7.46980132e-05     0.261567779 -1.85134263e-06 -1.62992491e-06    0.0325216211 -6.86303032e-06  4.04981529e-07 -2.93287133e-10
              0               0               0   0.00276476915  5.31380277e-08 -1.31326524e-07    0.0325216211  9.24904472e-07 -1.85134263e-06     0.256037951               0               0               0               0               0
              0               0               0 -5.31438871e-08   0.00276476916 -1.13215413e-07 -9.25003167e-07    0.0325216211 -1.62992491e-06               0     0.256037951               0               0               0               0
              0               0               0  1.31323973e-07  1.13218364e-07   0.00276476915   1.8512908e-06  1.62998298e-06    0.0325216211               0               0     0.256037951               0               0               0
   0.0325216212  4.45910882e-08 -4.09305387e-07 -2.38390911e-08   0.00170177969  3.21616276e-08 -5.17855461e-07    0.0267923257 -6.86303032e-06               0               0               0     0.256037951               0               0
-4.45867663e-08    0.0325216212 -4.97930137e-07   -0.0017017797 -2.38574165e-08 -2.55429153e-07    -0.026792326 -5.17501879e-07  4.04981529e-07               0               0               0               0     0.256037951               0
 4.09309471e-07   4.9792262e-07    0.0325216212 -9.34641172e-08  3.26037488e-07 -5.45207644e-12   5.7627867e-06   8.7198269e-07 -2.93287133e-10               0               0               0               0               0     0.256037951 ]
  noise model: Gaussian [
	3.1095052, -5.55638167e-08, 3.56225121e-05, -0.000301869162, 11.0535111, -0.00615274362, 6.64534051e-05, -2.43277619, 0.00106021129, 1.31740111e-06, 0.189649308, -5.76283093e-05, -0.213863028, 1.6010714e-06, -1.52875106e-05;
	0, 3.10950514, -0.000447033493, -11.0535117, -0.000301563083, 0.00232389815, 2.43277631, 6.64230862e-05, -0.000322957157, -0.189649315, 1.31309358e-06, 4.0063939e-06, -1.6061861e-06, -0.213863035, -8.05613545e-06;
	0, 0, 1.97090113, 0.00538252013, -0.00187950334, 5.90223502e-09, -0.000684842893, 0.000141568793, 2.74667372e-08, 2.88658163e-05, 2.31215258e-06, -1.43163211e-09, 8.28071321e-07, -3.20549007e-05, -0.250341384;
	0, 0, 0, 22.8923983, 6.14745517e-07, 0.00073915507, -2.42945629, -9.41689264e-08, -8.34974632e-05, 0.0613880103, -4.02031514e-06, 8.4487053e-06, -2.77885843e-06, -0.102066768, 6.30377491e-05;
	0, 0, 0, 0, 22.8923992, 0.00370779366, 7.67488987e-09, -2.42945647, -0.000582753053, 4.02173452e-06, 0.061388021, 3.93262527e-05, 0.102066763, -2.77187843e-06, -2.08771259e-05;
	0, 0, 0, 0, 0, 26.7245142, -6.00434164e-05, -0.000259776239, -3.42109952, -3.40199697e-06, 2.30347901e-05, 0.145965042, -6.78752312e-05, 2.57886181e-05, -1.11359503e-09;
	0, 0, 0, 0, 0, 0, 1.12402634, -1.21552096e-08, -0.000114173538, -0.142772425, 4.06165233e-06, 6.37487109e-06, 2.27163695e-06, 0.117620377, -2.5299078e-05;
	0, 0, 0, 0, 0, 0, 0, 1.12402636, 0.000323012343, -4.05806638e-06, -0.142772424, -4.81843759e-05, -0.117620368, 2.27136226e-06, -3.82807092e-06;
	0, 0, 0, 0, 0, 0, 0, 0, 1.97089997, 1.42510559e-05, 1.25466516e-05, -0.250341255, 5.28294583e-05, -3.11742099e-06, 2.25763251e-09;
	0, 0, 0, 0, 0, 0, 0, 0, 0, 1.97627706, 1.64743242e-20, 4.12105968e-20, 1.05007074e-20, 1.26656697e-16, -2.63288285e-20;
	0, 0, 0, 0, 0, 0, 0, 0, 0, 0, 1.97627706, 3.19307226e-20, -9.87960258e-17, -8.16319885e-21, -1.01821018e-21;
	0, 0, 0, 0, 0, 0, 0, 0, 0, 0, 0, 1.97627706, -6.85760486e-21, -2.24146331e-20, 4.39482733e-24;
	0, 0, 0, 0, 0, 0, 0, 0, 0, 0, 0, 0, 1.97627706, 6.27217724e-22, -7.38590473e-21;
	0, 0, 0, 0, 0, 0, 0, 0, 0, 0, 0, 0, 0, 1.97627706, 1.51504838e-20;
	0, 0, 0, 0, 0, 0, 0, 0, 0, 0, 0, 0, 0, 0, 1.97627706
]

Factor 1: PriorFactor on b2
  prior mean: acc =   0.570570283 -0.0889974092    19.5538325 gyro =  0.00260224045 -0.00659906948 -0.00242565249
isotropic dim=6 sigma=0.001

Factor 2: PriorFactor on x2
  prior mean:  R: [
	0.053338961, -0.998576464, 0;
	0.998576464, 0.053338961, 0;
	0, 0, 1
]
t: 482987.753 4421322.05    -29.873
  noise model: diagonal sigmas [3.14159265; 3.14159265; 0.5; 2.5; 2.5; 2.5];

graph size: 3 initials size: 3
here
[GPS] adding pose keys x3
[GPS] adding bias keys b3
[GPS] adding vel keys  v3
[GPS] adding rot keys  r3
[GPS] added initials
Adding GPS factor and incrementing key
=== DEBUGGING SMOOTHER KEYS ===
Keys in _initials: b3 v3 x3 
Keys with timestamps: b3 r3 v3 x3 
Keys referenced in factors: x3 v3 x2 v2 b3 b2 b3 x3 
Missing keys (in factors but not in initials): b2 v2 x2 
Missing timestamps (in factors but no timestamp): b2 v2 x2 
NonlinearFactorGraph: size: 3

Factor 0: 
CombinedImuFactor(x3,v3,x2,v2,b3,b2)
  preintegrated measurements:
    deltaTij = 0.235887527
    deltaRij.ypr = (-0.00479691441 -0.00108060022  0.00121156727)
    deltaPij =   0.0129948435 -0.00024680326   -0.272664528
    deltaVij =    0.152068762 -0.00114410367    -2.30982429
    gyrobias =  0.00260224045 -0.00659906948 -0.00242565249
    acc_bias =   0.570570283 -0.0889974092    19.5538325

  preintMeasCov [     0.240172118   2.3102521e-08  1.14138622e-07  5.05104757e-05    0.0212009388 -6.93871481e-05  0.000650519915     0.272734661  3.44266375e-05               0               0               0    0.0275058285  2.96696002e-05 -4.95379432e-05
  2.3102521e-08     0.240172078 -1.37092788e-07   -0.0211998662  5.16223078e-05  -0.00192457741    -0.272722305  0.000664296263   -0.0230333102               0               0               0 -2.96512665e-05    0.0275059208   6.5149064e-06
 1.14138622e-07 -1.37092788e-07     0.240171664  8.67157997e-05   0.00191311306   1.1951629e-06    0.0001844262    0.0228867382  1.38309202e-05               0               0               0  4.95455352e-05 -6.38996825e-06    0.0275058764
 5.05104757e-05   -0.0211998662  8.67157997e-05   0.00776757921  9.58567529e-07  0.000258730182    0.0643029102  1.08402261e-05   0.00303803086   0.00214199374  4.92256153e-06 -4.30563284e-06  1.71944443e-06  -0.00120017786  5.51130915e-06
   0.0212009388  5.16223078e-05   0.00191311306  9.58567529e-07   0.00779102328 -9.29179974e-06  5.00817378e-06    0.0645793375 -3.93187273e-05 -4.92322888e-06   0.00214200323 -2.08964862e-07    0.0012003874   1.7050829e-06  0.000135134634
-6.93871481e-05  -0.00192457741   1.1951629e-06  0.000258730182 -9.29179974e-06   0.00443331013     0.003010608 -0.000113638712    0.0284729338  4.30443102e-06  2.29532388e-07   0.00214200551  -5.2940565e-06 -0.000136793547  5.51521112e-09
 0.000650519915    -0.272722305    0.0001844262    0.0643029102  5.00817378e-06     0.003010608     0.653679797  5.19402986e-05    0.0355694523    0.0275056165  9.50445861e-05   -6.459297e-05  4.76964858e-05   -0.0206730382 -3.17761266e-05
    0.272734661  0.000664296263    0.0228867382  1.08402261e-05    0.0645793375 -0.000113638712  5.19402986e-05     0.656940137 -0.000380892821  -9.5063911e-05    0.0275057414 -9.73201506e-06     0.020675809  4.78145345e-05   0.00164268136
 3.44266375e-05   -0.0230333102  1.38309202e-05   0.00303803086 -3.93187273e-05    0.0284729338    0.0355694523 -0.000380892821     0.243438615  6.45464745e-05  1.00435682e-05    0.0275058384  3.65477489e-05  -0.00168426277 -1.87344992e-07
              0               0               0   0.00214199374 -4.92322888e-06  4.30443102e-06    0.0275056165  -9.5063911e-05  6.45464745e-05     0.235887527               0               0               0               0               0
              0               0               0  4.92256153e-06   0.00214200323  2.29532388e-07  9.50445861e-05    0.0275057414  1.00435682e-05               0     0.235887527               0               0               0               0
              0               0               0 -4.30563284e-06 -2.08964862e-07   0.00214200551   -6.459297e-05 -9.73201506e-06    0.0275058384               0               0     0.235887527               0               0               0
   0.0275058285 -2.96512665e-05  4.95455352e-05  1.71944443e-06    0.0012003874  -5.2940565e-06  4.76964858e-05     0.020675809  3.65477489e-05               0               0               0     0.235887527               0               0
 2.96696002e-05    0.0275059208 -6.38996825e-06  -0.00120017786   1.7050829e-06 -0.000136793547   -0.0206730382  4.78145345e-05  -0.00168426277               0               0               0               0     0.235887527               0
-4.95379432e-05   6.5149064e-06    0.0275058764  5.51130915e-06  0.000135134634  5.51521112e-09 -3.17761266e-05   0.00164268136 -1.87344992e-07               0               0               0               0               0     0.235887527 ]
  noise model: Gaussian [
	3.11875105, 6.35390898e-05, 0.14159057, 0.0266206017, 12.1109096, 0.0987637557, -0.0053562692, -2.4912743, -0.0135312366, -0.000366492042, 0.18052345, 0.000587948745, -0.20695579, -0.000351722019, -0.00544594329;
	0, 3.1252648, 0.00278071056, -12.1142821, 0.030811669, -0.64607685, 2.4909835, -0.00631270212, 0.158469258, -0.180489477, -0.000300684146, -0.0121508936, 0.000334359287, -0.206995218, 0.000234484456;
	0, 0, 2.05806751, -0.0964240187, 0.484061322, -0.00368858736, 0.00892835237, -0.119322063, 0.000103666862, -0.000203449008, 0.00951642834, 1.75972872e-05, 0.00756194131, 0.000366917132, -0.239425719;
	0, 0, 0, 26.3836732, 0.00243924655, -0.406571596, -2.60455627, -0.000496664933, 0.0991025019, 0.0641050488, 0.000530795169, -0.00809564102, 0.000340965224, -0.0935516743, -0.00096513897;
	0, 0, 0, 0, 26.3673744, -0.0500858132, -8.07863501e-05, -2.59761074, 0.00608844699, -0.000487866978, 0.0634631523, -0.000338971299, 0.0935028484, 0.000343290801, 0.00298404967;
	0, 0, 0, 0, 0, 30.2063234, 0.0545889884, 0.00314155358, -3.55683824, -0.00594200472, -0.000266267281, 0.140470603, 0.000942612573, -0.00309575524, -1.80547698e-05;
	0, 0, 0, 0, 0, 0, 1.24665655, -0.000207982426, -0.183827696, -0.145315913, -0.000470228165, 0.0217767263, -0.000205362461, 0.107943708, 0.000169237969;
	0, 0, 0, 0, 0, 0, 0, 1.23853046, 0.00197862286, 0.000498592855, -0.144419329, -0.000179620703, -0.108558904, -0.000236923236, -0.00862491778;
	0, 0, 0, 0, 0, 0, 0, 0, 2.04030981, -0.000558294906, -8.68718701e-05, -0.237911824, -0.000316119854, 0.0145680354, 1.62044102e-06;
	0, 0, 0, 0, 0, 0, 0, 0, 0, 2.05895811, 6.18729224e-19, 1.50136328e-17, 3.48857966e-19, -2.76742741e-18, -1.74840372e-20;
	0, 0, 0, 0, 0, 0, 0, 0, 0, 0, 2.05895811, 9.1657494e-19, -1.19232591e-16, -4.72788936e-19, -9.03621878e-18;
	0, 0, 0, 0, 0, 0, 0, 0, 0, 0, 0, 2.05895811, 5.52906966e-19, -9.35341997e-18, 2.38605685e-20;
	0, 0, 0, 0, 0, 0, 0, 0, 0, 0, 0, 0, 2.05895811, 2.46833467e-21, -1.09233292e-17;
	0, 0, 0, 0, 0, 0, 0, 0, 0, 0, 0, 0, 0, 2.05895811, 6.2942534e-20;
	0, 0, 0, 0, 0, 0, 0, 0, 0, 0, 0, 0, 0, 0, 2.05895811
]

Factor 1: PriorFactor on b3
  prior mean: acc =   0.570570283 -0.0889974092    19.5538325 gyro =  0.00260224045 -0.00659906948 -0.00242565249
isotropic dim=6 sigma=0.001

Factor 2: PriorFactor on x3
  prior mean:  R: [
	-0.238830367, 0.971061304, 0;
	-0.971061304, -0.238830367, 0;
	0, 0, 1
]
t: 482987.779 4421322.04     -29.84
  noise model: diagonal sigmas [3.14159265; 3.14159265; 0.5; 2.5; 2.5; 2.5];

graph size: 3 initials size: 3
here
[GPS] adding pose keys x4
[GPS] adding bias keys b4
[GPS] adding vel keys  v4
[GPS] adding rot keys  r4
[GPS] added initials
Adding GPS factor and incrementing key
=== DEBUGGING SMOOTHER KEYS ===
Keys in _initials: b4 v4 x4 
Keys with timestamps: b4 r4 v4 x4 
Keys referenced in factors: x4 v4 x3 v3 b4 b3 b4 x4 
Missing keys (in factors but not in initials): b3 v3 x3 
Missing timestamps (in factors but no timestamp): b3 v3 x3 
NonlinearFactorGraph: size: 3

Factor 0: 
CombinedImuFactor(x4,v4,x3,v3,b4,b3)
  preintegrated measurements:
    deltaTij = 0.257954597
    deltaRij.ypr = ( -0.00590703997 -0.000288540763   0.00178092782)
    deltaPij =   0.0183006866 0.000704130463   -0.327644808
    deltaVij =   0.180884532 0.00629713094   -2.53387529
    gyrobias =  0.00260224045 -0.00659906948 -0.00242565249
    acc_bias =   0.570570283 -0.0889974092    19.5538325

  preintMeasCov [     0.263538219  1.32305914e-08   2.2600434e-07   8.1142061e-05    0.0276762336  0.000182401055  0.000960719929     0.327118164   0.00100660493               0               0               0    0.0328647289  3.73261065e-05 -7.46998637e-05
 1.32305914e-08     0.263538196 -5.66430633e-08   -0.0276760075  8.34241607e-05  -0.00255327722    -0.327114621  0.000986209681   -0.0286271495               0               0               0 -3.74026098e-05    0.0328648495 -3.14431318e-05
  2.2600434e-07 -5.66430633e-08     0.263537521 -0.000150438132   0.00254978418  2.22543165e-06 -0.000632543861    0.0285814637   2.5185166e-05               0               0               0  7.46725225e-05   3.1534481e-05    0.0328647438
  8.1142061e-05   -0.0276760075 -0.000150438132    0.0109706513  -2.3180678e-06  0.000458832336    0.0851843559 -2.57294604e-05   0.00455290437   0.00279134505  7.89624566e-06 -6.99385218e-06  3.40298751e-06   -0.0017035998 -1.29687438e-05
   0.0276762336  8.34241607e-05   0.00254978418  -2.3180678e-06    0.0110139337  2.45876786e-05 -1.70632461e-05    0.0856097955   0.00019101028 -7.90921922e-06   0.00279135694 -4.47948098e-06   0.00170394444  3.66425741e-06  0.000164293184
 0.000182401055  -0.00255327722  2.22543165e-06  0.000458832336  2.45876786e-05   0.00581845917    0.0046512371  0.000282382159    0.0342306007  6.97816626e-06  4.50408585e-06   0.00279135716  1.55901618e-05 -0.000168199379  1.53128376e-07
 0.000960719929    -0.327114621 -0.000632543861    0.0851843559 -1.70632461e-05    0.0046512371     0.804252363 -0.000178169866    0.0479846326    0.0328644125  0.000133581024 -8.01028792e-05  7.68642244e-05   -0.0270303815  1.40247878e-05
    0.327118164  0.000986209681    0.0285814637 -2.57294604e-05    0.0856097955  0.000282382159 -0.000178169866     0.808582353   0.00199434016 -0.000133735181    0.0328645051 -6.03806892e-05     0.027035859  8.05064511e-05    0.0022381414
  0.00100660493   -0.0286271495   2.5185166e-05   0.00455290437   0.00019101028    0.0342306007    0.0479846326   0.00199434016     0.267896438  7.98361044e-05  6.07203703e-05    0.0328646816  3.56646603e-05  -0.00230652141  3.28924594e-06
              0               0               0   0.00279134505 -7.90921922e-06  6.97816626e-06    0.0328644125 -0.000133735181  7.98361044e-05     0.257954597               0               0               0               0               0
              0               0               0  7.89624566e-06   0.00279135694  4.50408585e-06  0.000133581024    0.0328645051  6.07203703e-05               0     0.257954597               0               0               0               0
              0               0               0 -6.99385218e-06 -4.47948098e-06   0.00279135716 -8.01028792e-05 -6.03806892e-05    0.0328646816               0               0     0.257954597               0               0               0
   0.0328647289 -3.74026098e-05  7.46725225e-05  3.40298751e-06   0.00170394444  1.55901618e-05  7.68642244e-05     0.027035859  3.56646603e-05               0               0               0     0.257954597               0               0
 3.73261065e-05    0.0328648495   3.1534481e-05   -0.0017035998  3.66425741e-06 -0.000168199379   -0.0270303815  8.05064511e-05  -0.00230652141               0               0               0               0     0.257954597               0
-7.46998637e-05 -3.14431318e-05    0.0328647438 -1.29687438e-05  0.000164293184  1.53128376e-07  1.40247878e-05    0.0022381414  3.28924594e-06               0               0               0               0               0     0.257954597 ]
  noise model: Gaussian [
	3.10822086, -7.60891911e-05, 0.157746184, 0.0355558772, 11.0696528, -0.0740420416, -0.00780297559, -2.43562, 0.00886003927, -0.000314686999, 0.190524423, -0.000706942508, -0.213891498, -0.000408338828, -0.00511314968;
	0, 3.11495751, 5.09530912e-05, -11.0489125, 0.0335369398, -0.827158167, 2.43119661, -0.00735990205, 0.190937653, -0.190222281, -0.000376496685, -0.0149213626, 0.000446408014, -0.21390439, -0.000273911929;
	0, 0, 1.96786208, 0.0824477324, 0.480248788, 0.0031144504, -0.00722285578, -0.120423365, -0.000135941471, -1.97030225e-05, 0.0101468109, -3.62381407e-05, 0.00888031286, -0.000421348243, -0.249972245;
	0, 0, 0, 22.7089121, -0.00274134295, -0.54173264, -2.41503519, 0.000364771222, 0.116064386, 0.0619289013, 0.000520806009, -0.00905922424, 0.000416612687, -0.102405067, 0.0012704235;
	0, 0, 0, 0, 22.6877293, 0.0421782407, -6.31711555e-05, -2.40803778, -0.00363170018, -0.000544768145, 0.0612877555, -0.000163418888, 0.102515004, 0.000417666969, 0.00644336695;
	0, 0, 0, 0, 0, 26.4082677, 0.0502139681, -0.00079262419, -3.40149322, -0.00605950773, 0.000414555091, 0.147615353, -0.00105765297, -0.00793316429, 3.18438108e-05;
	0, 0, 0, 0, 0, 0, 1.1260946, 0.000756487849, -0.20389411, -0.143405307, -0.000631529519, 0.0263269745, -0.000386645068, 0.11617711, -6.51886297e-05;
	0, 0, 0, 0, 0, 0, 0, 1.11696841, -0.00843498535, 0.000581696896, -0.142304506, 0.00133611276, -0.117066723, -0.000424022823, -0.0096912616;
	0, 0, 0, 0, 0, 0, 0, 0, 1.94739604, -0.000602712707, -0.000458400858, -0.248107812, -0.000269245902, 0.0174127956, -2.48317518e-05;
	0, 0, 0, 0, 0, 0, 0, 0, 0, 1.96892133, -6.53906309e-19, -1.59553812e-17, -5.50657945e-19, -4.74243265e-17, 1.33362471e-20;
	0, 0, 0, 0, 0, 0, 0, 0, 0, 0, 1.96892133, 1.61755771e-18, 1.37253657e-16, 4.79244493e-19, 1.1199353e-17;
	0, 0, 0, 0, 0, 0, 0, 0, 0, 0, 0, 1.96892133, 7.57154674e-19, 5.42521758e-18, 6.10886157e-20;
	0, 0, 0, 0, 0, 0, 0, 0, 0, 0, 0, 0, 1.96892133, -2.39622246e-19, 2.05660189e-18;
	0, 0, 0, 0, 0, 0, 0, 0, 0, 0, 0, 0, 0, 1.96892133, 2.68015547e-19;
	0, 0, 0, 0, 0, 0, 0, 0, 0, 0, 0, 0, 0, 0, 1.96892133
]

Factor 1: PriorFactor on b4
  prior mean: acc =   0.570570283 -0.0889974092    19.5538325 gyro =  0.00260224045 -0.00659906948 -0.00242565249
isotropic dim=6 sigma=0.001

Factor 2: PriorFactor on x4
  prior mean:  R: [
	0.920898773, -0.389801809, 0;
	0.389801809, 0.920898773, 0;
	0, 0, 1
]
t: 482987.753 4421322.05    -29.815
  noise model: diagonal sigmas [3.14159265; 3.14159265; 0.5; 2.5; 2.5; 2.5];

graph size: 3 initials size: 3
[31m[ERROR] [1748623967.096101616]: /: 
Indeterminant linear system detected while working near variable
8646911284551352323 (Symbol: x3).

Thrown when a linear system is ill-posed.  The most common cause for this
error is having underconstrained variables.  Mathematically, the system is
underdetermined.  See the GTSAM Doxygen documentation at
http://borg.cc.gatech.edu/ on gtsam::IndeterminantLinearSystemException for
more information.[0m
... logging to /home/jason/.ros/log/d14de0f0-3d67-11f0-b8a2-30f6ef7f9b99/roslaunch-turing-11949.log
Checking log directory for disk usage. This may take a while.
Press Ctrl-C to interrupt
Done checking log file disk usage. Usage is <1GB.
]2;/home/jason/ws/src/glider/launch/glider.launch
[1mstarted roslaunch server http://turing:39247/[0m

SUMMARY
========

PARAMETERS
 * /glider_node/path: /home/jason/ws/sr...
 * /glider_node/rate: 100
 * /glider_node/use_odom: True
 * /rosdistro: noetic
 * /rosversion: 1.16.0
 * /use_odom: True
 * /use_sim_time: False

NODES
  /
    glider_node (glider/glider_ros)

[1mROS_MASTER_URI=http://localhost:11311[0m
]2;/home/jason/ws/src/glider/launch/glider.launch http://localhost:11311
[1mprocess[glider_node-1]: started with pid [11963][0m
[1m[glider_node-1] process has finished cleanly
log file: /home/jason/.ros/log/d14de0f0-3d67-11f0-b8a2-30f6ef7f9b99/glider_node-1*.log[0m
all processes on machine have died, roslaunch will exit
shutting down processing monitor...
... shutting down processing monitor complete
[1mdone[0m
